1 2 0.08
1 8 0.31
2 3 0.08
2 9 0.31
3 4 0.08
3 10 0.31
4 5 0.08
4 11 0.31
5 6 0.08
5 103 0.031
103 12 0.279
6 7 0.08
6 13 0.31
7 14 0.31
8 9 0.08
8 15 0.27
9 10 0.08
9 16 0.28
10 11 0.09
10 17 0.28
11 12 0.08
11 18 0.27
12 102 0.04
102 13 0.04
12 19 0.27
13 14 0.08
13 20 0.28
14 21 0.07
15 16 0.09
15 22 0.27
16 17 0.08
16 23 0.27
17 18 0.08
17 24 0.27
18 19 0.08
18 25 0.27
19 20 0.08
20 21 0.08
20 27 0.27
21 28 0.27
22 23 0.08
22 29 0.28
23 24 0.08
23 101 0.14
101 30 0.14
24 25 0.09
24 31 0.28
25 500 0.08
500 27 0.08
25 32 0.28
27 28 0.08
27 34 0.28
28 35 0.28
29 30 0.08
29 36 0.27
30 31 0.08
30 37 0.27
31 32 0.08
31 38 0.27
32 34 0.16
32 39 0.27
34 35 0.08
34 41 0.27
35 42 0.27
36 37 0.08
37 38 0.08
38 39 0.09
39 100 0.08
100 41 0.08
41 42 0.08

